train_QM_mean= 95.15979114219114
train_QM_std= 57.286401528426765
train_NMR_mean= 87.04939393939395
train_NMR_std= 54.59186388069454