train_QM_mean= 27.12721978021978
train_QM_std= 2.7368265604798596
train_NMR_mean= 4.265307692307692
train_NMR_std= 2.5107333686492455