train_QM_mean= 384.21000000000004
train_QM_std= 91.88070826742761
train_NMR_mean= -10.483333333333336
train_NMR_std= 88.18196345149568