train_QM_mean= 285.5628205128205
train_QM_std= 58.97489358544282
train_NMR_mean= -95.42051282051283
train_NMR_std= 56.45981887234952