train_NMR_mean= 92.35528115384615
train_NMR_std= 59.88271988044753
train_NMR_mean= 89.4693076923077
train_NMR_std= 56.680265163267535