train_QM_mean= -26.071230158730156
train_QM_std= 72.3403446958389
train_NMR_mean= -113.62222222222222
train_NMR_std= 74.68483042078947