train_QM_mean= 95.9884900990099
train_QM_std= 56.93006309340225
train_NMR_mean= 86.2938118811881
train_NMR_std= 54.27032255750412